Results generated by BModes (v1.03.01, 25-Sept-2007, compiled using double precision) on 04-Jul-2024 at 22:11:59.
NREL 5MW Tower                                                                                     
=================================================================================

            tower frequencies & mode shapes
            --- only first   6 modes printed


 -------- Mode No.   1  (freq = 0.261496E+00 Hz)

span_loc	s-s disp	s-s slope	f-a disp	f-a slope	twist

 0.0000	 0.000000	 0.000000	 0.000000	 0.000000	 0.000000
 0.0199	-0.000026	-0.002628	 0.000000	 0.000000	 0.000014
 0.0398	-0.000104	-0.005203	 0.000000	 0.000000	 0.000028
 0.0597	-0.000233	-0.007724	 0.000000	 0.000000	 0.000042
 0.0797	-0.000412	-0.010192	 0.000000	 0.000000	 0.000055
 0.0996	-0.000639	-0.012605	 0.000000	 0.000000	 0.000069
 0.1195	-0.000913	-0.014965	 0.000000	 0.000000	 0.000083
 0.1394	-0.001234	-0.017271	 0.000000	 0.000000	 0.000097
 0.1593	-0.001601	-0.019524	 0.000000	 0.000000	 0.000111
 0.1792	-0.002012	-0.021723	 0.000000	 0.000000	 0.000125
 0.1991	-0.002466	-0.023869	 0.000000	 0.000000	 0.000139
 0.2191	-0.002962	-0.025960	 0.000000	 0.000000	 0.000153
 0.2390	-0.003499	-0.027999	 0.000000	 0.000000	 0.000166
 0.2589	-0.004077	-0.029984	 0.000000	 0.000000	 0.000180
 0.2788	-0.004693	-0.031916	 0.000000	 0.000000	 0.000194
 0.2888	-0.005023	-0.034018	 0.000000	 0.000000	 0.000210
 0.3046	-0.005587	-0.037387	 0.000000	 0.000000	 0.000235
 0.3204	-0.006205	-0.040814	 0.000000	 0.000000	 0.000261
 0.3362	-0.006878	-0.044301	 0.000000	 0.000000	 0.000288
 0.3520	-0.007606	-0.047847	 0.000000	 0.000000	 0.000317
 0.3678	-0.008391	-0.051454	 0.000000	 0.000000	 0.000346
 0.3836	-0.009234	-0.055121	 0.000000	 0.000000	 0.000377
 0.3994	-0.010134	-0.058849	 0.000000	 0.000000	 0.000409
 0.4152	-0.011094	-0.062640	 0.000000	 0.000000	 0.000443
 0.4310	-0.012115	-0.066491	 0.000000	 0.000000	 0.000478
 0.4469	-0.013197	-0.070406	 0.000000	 0.000000	 0.000515
 0.4627	-0.014341	-0.074382	 0.000000	 0.000000	 0.000553
 0.4785	-0.015549	-0.078421	 0.000000	 0.000000	 0.000593
 0.4943	-0.016821	-0.082522	 0.000000	 0.000000	 0.000635
 0.5101	-0.018158	-0.086683	 0.000000	 0.000000	 0.000679
 0.5259	-0.019562	-0.090908	 0.000000	 0.000000	 0.000725
 0.5417	-0.021032	-0.095191	 0.000000	 0.000000	 0.000773
 0.5575	-0.022571	-0.099534	 0.000000	 0.000000	 0.000824
 0.5733	-0.024179	-0.103934	 0.000000	 0.000000	 0.000877
 0.5891	-0.025857	-0.108391	 0.000000	 0.000000	 0.000932
 0.6049	-0.027606	-0.112903	 0.000000	 0.000000	 0.000991
 0.6207	-0.029427	-0.117466	 0.000000	 0.000000	 0.001052
 0.6365	-0.031320	-0.122080	 0.000000	 0.000000	 0.001117
 0.6523	-0.033286	-0.126738	 0.000000	 0.000000	 0.001185
 0.6681	-0.035327	-0.131438	 0.000000	 0.000000	 0.001257
 0.6839	-0.037442	-0.136178	 0.000000	 0.000000	 0.001333
 0.6997	-0.039632	-0.140947	 0.000000	 0.000000	 0.001413
 0.7155	-0.041898	-0.145746	 0.000000	 0.000000	 0.001497
 0.7313	-0.044240	-0.150561	 0.000000	 0.000000	 0.001586
 0.7471	-0.046658	-0.155388	 0.000000	 0.000000	 0.001680
 0.7629	-0.049152	-0.160218	 0.000000	 0.000000	 0.001780
 0.7787	-0.051723	-0.165037	 0.000000	 0.000000	 0.001885
 0.7945	-0.054369	-0.169839	 0.000000	 0.000000	 0.001997
 0.8103	-0.057091	-0.174603	 0.000000	 0.000000	 0.002116
 0.8262	-0.059889	-0.179317	 0.000000	 0.000000	 0.002243
 0.8420	-0.062760	-0.183962	 0.000000	 0.000000	 0.002377
 0.8578	-0.065704	-0.188516	 0.000000	 0.000000	 0.002520
 0.8736	-0.068719	-0.192961	 0.000000	 0.000000	 0.002672
 0.8894	-0.071803	-0.197261	 0.000000	 0.000000	 0.002835
 0.9052	-0.074954	-0.201391	 0.000000	 0.000000	 0.003008
 0.9210	-0.078168	-0.205313	 0.000000	 0.000000	 0.003194
 0.9368	-0.081443	-0.208987	 0.000000	 0.000000	 0.003392
 0.9526	-0.084773	-0.212369	 0.000000	 0.000000	 0.003605
 0.9684	-0.088154	-0.215401	 0.000000	 0.000000	 0.003834
 0.9842	-0.091580	-0.218026	 0.000000	 0.000000	 0.004080
 1.0000	-0.095043	-0.220170	 0.000000	 0.000000	 0.004344


 -------- Mode No.   2  (freq = 0.264310E+00 Hz)

span_loc	s-s disp	s-s slope	f-a disp	f-a slope	twist

 0.0000	 0.000000	 0.000000	 0.000000	 0.000000	 0.000000
 0.0199	 0.000000	 0.000000	 0.000027	 0.002666	 0.000000
 0.0398	 0.000000	 0.000000	 0.000106	 0.005277	 0.000000
 0.0597	 0.000000	 0.000000	 0.000236	 0.007833	 0.000000
 0.0797	 0.000000	 0.000000	 0.000417	 0.010334	 0.000000
 0.0996	 0.000000	 0.000000	 0.000648	 0.012780	 0.000000
 0.1195	 0.000000	 0.000000	 0.000926	 0.015171	 0.000000
 0.1394	 0.000000	 0.000000	 0.001252	 0.017507	 0.000000
 0.1593	 0.000000	 0.000000	 0.001623	 0.019788	 0.000000
 0.1792	 0.000000	 0.000000	 0.002039	 0.022014	 0.000000
 0.1991	 0.000000	 0.000000	 0.002500	 0.024185	 0.000000
 0.2191	 0.000000	 0.000000	 0.003002	 0.026302	 0.000000
 0.2390	 0.000000	 0.000000	 0.003547	 0.028363	 0.000000
 0.2589	 0.000000	 0.000000	 0.004132	 0.030370	 0.000000
 0.2788	 0.000000	 0.000000	 0.004756	 0.032323	 0.000000
 0.2888	 0.000000	 0.000000	 0.005090	 0.034447	 0.000000
 0.3046	 0.000000	 0.000000	 0.005661	 0.037849	 0.000000
 0.3204	 0.000000	 0.000000	 0.006287	 0.041310	 0.000000
 0.3362	 0.000000	 0.000000	 0.006968	 0.044830	 0.000000
 0.3520	 0.000000	 0.000000	 0.007705	 0.048407	 0.000000
 0.3678	 0.000000	 0.000000	 0.008499	 0.052046	 0.000000
 0.3836	 0.000000	 0.000000	 0.009350	 0.055743	 0.000000
 0.3994	 0.000000	 0.000000	 0.010261	 0.059501	 0.000000
 0.4152	 0.000000	 0.000000	 0.011232	 0.063319	 0.000000
 0.4310	 0.000000	 0.000000	 0.012263	 0.067197	 0.000000
 0.4469	 0.000000	 0.000000	 0.013357	 0.071137	 0.000000
 0.4627	 0.000000	 0.000000	 0.014513	 0.075137	 0.000000
 0.4785	 0.000000	 0.000000	 0.015732	 0.079197	 0.000000
 0.4943	 0.000000	 0.000000	 0.017017	 0.083317	 0.000000
 0.5101	 0.000000	 0.000000	 0.018367	 0.087496	 0.000000
 0.5259	 0.000000	 0.000000	 0.019783	 0.091736	 0.000000
 0.5417	 0.000000	 0.000000	 0.021267	 0.096031	 0.000000
 0.5575	 0.000000	 0.000000	 0.022820	 0.100383	 0.000000
 0.5733	 0.000000	 0.000000	 0.024441	 0.104790	 0.000000
 0.5891	 0.000000	 0.000000	 0.026133	 0.109248	 0.000000
 0.6049	 0.000000	 0.000000	 0.027895	 0.113759	 0.000000
 0.6207	 0.000000	 0.000000	 0.029729	 0.118316	 0.000000
 0.6365	 0.000000	 0.000000	 0.031636	 0.122919	 0.000000
 0.6523	 0.000000	 0.000000	 0.033615	 0.127560	 0.000000
 0.6681	 0.000000	 0.000000	 0.035668	 0.132238	 0.000000
 0.6839	 0.000000	 0.000000	 0.037796	 0.136949	 0.000000
 0.6997	 0.000000	 0.000000	 0.039998	 0.141683	 0.000000
 0.7155	 0.000000	 0.000000	 0.042275	 0.146438	 0.000000
 0.7313	 0.000000	 0.000000	 0.044627	 0.151202	 0.000000
 0.7471	 0.000000	 0.000000	 0.047055	 0.155967	 0.000000
 0.7629	 0.000000	 0.000000	 0.049558	 0.160726	 0.000000
 0.7787	 0.000000	 0.000000	 0.052136	 0.165462	 0.000000
 0.7945	 0.000000	 0.000000	 0.054789	 0.170169	 0.000000
 0.8103	 0.000000	 0.000000	 0.057515	 0.174824	 0.000000
 0.8262	 0.000000	 0.000000	 0.060315	 0.179415	 0.000000
 0.8420	 0.000000	 0.000000	 0.063187	 0.183919	 0.000000
 0.8578	 0.000000	 0.000000	 0.066128	 0.188315	 0.000000
 0.8736	 0.000000	 0.000000	 0.069139	 0.192581	 0.000000
 0.8894	 0.000000	 0.000000	 0.072215	 0.196680	 0.000000
 0.9052	 0.000000	 0.000000	 0.075355	 0.200585	 0.000000
 0.9210	 0.000000	 0.000000	 0.078555	 0.204254	 0.000000
 0.9368	 0.000000	 0.000000	 0.081811	 0.207645	 0.000000
 0.9526	 0.000000	 0.000000	 0.085117	 0.210711	 0.000000
 0.9684	 0.000000	 0.000000	 0.088469	 0.213390	 0.000000
 0.9842	 0.000000	 0.000000	 0.091860	 0.215619	 0.000000
 1.0000	 0.000000	 0.000000	 0.095282	 0.217322	 0.000000


 -------- Mode No.   3  (freq = 0.108561E+01 Hz)

span_loc	s-s disp	s-s slope	f-a disp	f-a slope	twist

 0.0000	 0.000000	 0.000000	 0.000000	 0.000000	 0.000000
 0.0199	 0.000002	 0.000161	 0.000000	 0.000000	 0.000778
 0.0398	 0.000006	 0.000315	 0.000000	 0.000000	 0.001556
 0.0597	 0.000014	 0.000463	 0.000000	 0.000000	 0.002334
 0.0797	 0.000025	 0.000605	 0.000000	 0.000000	 0.003112
 0.0996	 0.000038	 0.000740	 0.000000	 0.000000	 0.003890
 0.1195	 0.000054	 0.000869	 0.000000	 0.000000	 0.004668
 0.1394	 0.000073	 0.000991	 0.000000	 0.000000	 0.005446
 0.1593	 0.000094	 0.001107	 0.000000	 0.000000	 0.006223
 0.1792	 0.000117	 0.001217	 0.000000	 0.000000	 0.007001
 0.1991	 0.000142	 0.001321	 0.000000	 0.000000	 0.007778
 0.2191	 0.000169	 0.001418	 0.000000	 0.000000	 0.008555
 0.2390	 0.000198	 0.001509	 0.000000	 0.000000	 0.009332
 0.2589	 0.000229	 0.001595	 0.000000	 0.000000	 0.010109
 0.2788	 0.000262	 0.001674	 0.000000	 0.000000	 0.010885
 0.2888	 0.000279	 0.001757	 0.000000	 0.000000	 0.011748
 0.3046	 0.000308	 0.001886	 0.000000	 0.000000	 0.013156
 0.3204	 0.000339	 0.002012	 0.000000	 0.000000	 0.014621
 0.3362	 0.000372	 0.002134	 0.000000	 0.000000	 0.016147
 0.3520	 0.000406	 0.002252	 0.000000	 0.000000	 0.017736
 0.3678	 0.000443	 0.002366	 0.000000	 0.000000	 0.019392
 0.3836	 0.000481	 0.002475	 0.000000	 0.000000	 0.021119
 0.3994	 0.000521	 0.002578	 0.000000	 0.000000	 0.022920
 0.4152	 0.000562	 0.002675	 0.000000	 0.000000	 0.024799
 0.4310	 0.000605	 0.002767	 0.000000	 0.000000	 0.026761
 0.4469	 0.000650	 0.002851	 0.000000	 0.000000	 0.028811
 0.4627	 0.000696	 0.002928	 0.000000	 0.000000	 0.030952
 0.4785	 0.000742	 0.002996	 0.000000	 0.000000	 0.033192
 0.4943	 0.000790	 0.003056	 0.000000	 0.000000	 0.035534
 0.5101	 0.000839	 0.003107	 0.000000	 0.000000	 0.037986
 0.5259	 0.000888	 0.003147	 0.000000	 0.000000	 0.040554
 0.5417	 0.000938	 0.003177	 0.000000	 0.000000	 0.043244
 0.5575	 0.000989	 0.003195	 0.000000	 0.000000	 0.046066
 0.5733	 0.001039	 0.003200	 0.000000	 0.000000	 0.049025
 0.5891	 0.001090	 0.003192	 0.000000	 0.000000	 0.052132
 0.6049	 0.001140	 0.003170	 0.000000	 0.000000	 0.055396
 0.6207	 0.001190	 0.003131	 0.000000	 0.000000	 0.058826
 0.6365	 0.001239	 0.003077	 0.000000	 0.000000	 0.062434
 0.6523	 0.001287	 0.003004	 0.000000	 0.000000	 0.066231
 0.6681	 0.001334	 0.002913	 0.000000	 0.000000	 0.070230
 0.6839	 0.001379	 0.002801	 0.000000	 0.000000	 0.074447
 0.6997	 0.001422	 0.002667	 0.000000	 0.000000	 0.078892
 0.7155	 0.001463	 0.002510	 0.000000	 0.000000	 0.083588
 0.7313	 0.001501	 0.002328	 0.000000	 0.000000	 0.088546
 0.7471	 0.001537	 0.002119	 0.000000	 0.000000	 0.093789
 0.7629	 0.001568	 0.001881	 0.000000	 0.000000	 0.099338
 0.7787	 0.001596	 0.001613	 0.000000	 0.000000	 0.105213
 0.7945	 0.001619	 0.001312	 0.000000	 0.000000	 0.111446
 0.8103	 0.001637	 0.000975	 0.000000	 0.000000	 0.118055
 0.8262	 0.001650	 0.000601	 0.000000	 0.000000	 0.125076
 0.8420	 0.001656	 0.000186	 0.000000	 0.000000	 0.132540
 0.8578	 0.001655	-0.000274	 0.000000	 0.000000	 0.140482
 0.8736	 0.001647	-0.000780	 0.000000	 0.000000	 0.148950
 0.8894	 0.001630	-0.001338	 0.000000	 0.000000	 0.157973
 0.9052	 0.001604	-0.001950	 0.000000	 0.000000	 0.167614
 0.9210	 0.001568	-0.002623	 0.000000	 0.000000	 0.177917
 0.9368	 0.001521	-0.003359	 0.000000	 0.000000	 0.188943
 0.9526	 0.001461	-0.004167	 0.000000	 0.000000	 0.200769
 0.9684	 0.001388	-0.005050	 0.000000	 0.000000	 0.213449
 0.9842	 0.001301	-0.006018	 0.000000	 0.000000	 0.227086
 1.0000	 0.001198	-0.007076	 0.000000	 0.000000	 0.241754


 -------- Mode No.   4  (freq = 0.131239E+01 Hz)

span_loc	s-s disp	s-s slope	f-a disp	f-a slope	twist

 0.0000	 0.000000	 0.000000	 0.000000	 0.000000	 0.000000
 0.0199	-0.000062	-0.006159	 0.000000	 0.000000	 0.000175
 0.0398	-0.000243	-0.012042	 0.000000	 0.000000	 0.000349
 0.0597	-0.000540	-0.017648	 0.000000	 0.000000	 0.000523
 0.0797	-0.000945	-0.022977	 0.000000	 0.000000	 0.000698
 0.0996	-0.001453	-0.028030	 0.000000	 0.000000	 0.000872
 0.1195	-0.002059	-0.032808	 0.000000	 0.000000	 0.001047
 0.1394	-0.002758	-0.037311	 0.000000	 0.000000	 0.001221
 0.1593	-0.003543	-0.041542	 0.000000	 0.000000	 0.001396
 0.1792	-0.004411	-0.045503	 0.000000	 0.000000	 0.001570
 0.1991	-0.005354	-0.049196	 0.000000	 0.000000	 0.001744
 0.2191	-0.006368	-0.052625	 0.000000	 0.000000	 0.001918
 0.2390	-0.007448	-0.055792	 0.000000	 0.000000	 0.002092
 0.2589	-0.008589	-0.058704	 0.000000	 0.000000	 0.002266
 0.2788	-0.009785	-0.061364	 0.000000	 0.000000	 0.002440
 0.2888	-0.010412	-0.064115	 0.000000	 0.000000	 0.002634
 0.3046	-0.011459	-0.068320	 0.000000	 0.000000	 0.002949
 0.3204	-0.012571	-0.072336	 0.000000	 0.000000	 0.003277
 0.3362	-0.013745	-0.076147	 0.000000	 0.000000	 0.003619
 0.3520	-0.014977	-0.079735	 0.000000	 0.000000	 0.003975
 0.3678	-0.016265	-0.083082	 0.000000	 0.000000	 0.004346
 0.3836	-0.017602	-0.086168	 0.000000	 0.000000	 0.004733
 0.3994	-0.018987	-0.088973	 0.000000	 0.000000	 0.005136
 0.4152	-0.020414	-0.091475	 0.000000	 0.000000	 0.005557
 0.4310	-0.021877	-0.093651	 0.000000	 0.000000	 0.005996
 0.4469	-0.023372	-0.095479	 0.000000	 0.000000	 0.006455
 0.4627	-0.024893	-0.096932	 0.000000	 0.000000	 0.006934
 0.4785	-0.026434	-0.097985	 0.000000	 0.000000	 0.007436
 0.4943	-0.027988	-0.098609	 0.000000	 0.000000	 0.007960
 0.5101	-0.029548	-0.098775	 0.000000	 0.000000	 0.008508
 0.5259	-0.031108	-0.098453	 0.000000	 0.000000	 0.009083
 0.5417	-0.032658	-0.097610	 0.000000	 0.000000	 0.009685
 0.5575	-0.034190	-0.096212	 0.000000	 0.000000	 0.010316
 0.5733	-0.035695	-0.094224	 0.000000	 0.000000	 0.010978
 0.5891	-0.037165	-0.091608	 0.000000	 0.000000	 0.011673
 0.6049	-0.038587	-0.088321	 0.000000	 0.000000	 0.012403
 0.6207	-0.039952	-0.084326	 0.000000	 0.000000	 0.013170
 0.6365	-0.041248	-0.079574	 0.000000	 0.000000	 0.013977
 0.6523	-0.042462	-0.074021	 0.000000	 0.000000	 0.014826
 0.6681	-0.043582	-0.067615	 0.000000	 0.000000	 0.015720
 0.6839	-0.044594	-0.060300	 0.000000	 0.000000	 0.016663
 0.6997	-0.045482	-0.052027	 0.000000	 0.000000	 0.017656
 0.7155	-0.046232	-0.042725	 0.000000	 0.000000	 0.018706
 0.7313	-0.046825	-0.032340	 0.000000	 0.000000	 0.019813
 0.7471	-0.047246	-0.020796	 0.000000	 0.000000	 0.020985
 0.7629	-0.047474	-0.008018	 0.000000	 0.000000	 0.022225
 0.7787	-0.047491	 0.006067	 0.000000	 0.000000	 0.023537
 0.7945	-0.047273	 0.021563	 0.000000	 0.000000	 0.024929
 0.8103	-0.046799	 0.038540	 0.000000	 0.000000	 0.026405
 0.8262	-0.046043	 0.057119	 0.000000	 0.000000	 0.027973
 0.8420	-0.044981	 0.077404	 0.000000	 0.000000	 0.029639
 0.8578	-0.043584	 0.099514	 0.000000	 0.000000	 0.031412
 0.8736	-0.041821	 0.123610	 0.000000	 0.000000	 0.033303
 0.8894	-0.039662	 0.149797	 0.000000	 0.000000	 0.035317
 0.9052	-0.037070	 0.178281	 0.000000	 0.000000	 0.037468
 0.9210	-0.034008	 0.209221	 0.000000	 0.000000	 0.039767
 0.9368	-0.030437	 0.242827	 0.000000	 0.000000	 0.042227
 0.9526	-0.026311	 0.279366	 0.000000	 0.000000	 0.044866
 0.9684	-0.021583	 0.319037	 0.000000	 0.000000	 0.047695
 0.9842	-0.016200	 0.362204	 0.000000	 0.000000	 0.050736
 1.0000	-0.010106	 0.409147	 0.000000	 0.000000	 0.054008


 -------- Mode No.   5  (freq = 0.160166E+01 Hz)

span_loc	s-s disp	s-s slope	f-a disp	f-a slope	twist

 0.0000	 0.000000	 0.000000	 0.000000	 0.000000	 0.000000
 0.0199	 0.000000	 0.000000	-0.000071	-0.007100	 0.000000
 0.0398	 0.000000	 0.000000	-0.000280	-0.013851	 0.000000
 0.0597	 0.000000	 0.000000	-0.000621	-0.020254	 0.000000
 0.0797	 0.000000	 0.000000	-0.001085	-0.026309	 0.000000
 0.0996	 0.000000	 0.000000	-0.001666	-0.032017	 0.000000
 0.1195	 0.000000	 0.000000	-0.002358	-0.037378	 0.000000
 0.1394	 0.000000	 0.000000	-0.003153	-0.042396	 0.000000
 0.1593	 0.000000	 0.000000	-0.004044	-0.047073	 0.000000
 0.1792	 0.000000	 0.000000	-0.005025	-0.051412	 0.000000
 0.1991	 0.000000	 0.000000	-0.006090	-0.055418	 0.000000
 0.2191	 0.000000	 0.000000	-0.007231	-0.059097	 0.000000
 0.2390	 0.000000	 0.000000	-0.008441	-0.062454	 0.000000
 0.2589	 0.000000	 0.000000	-0.009716	-0.065498	 0.000000
 0.2788	 0.000000	 0.000000	-0.011048	-0.068237	 0.000000
 0.2888	 0.000000	 0.000000	-0.011745	-0.071033	 0.000000
 0.3046	 0.000000	 0.000000	-0.012901	-0.075255	 0.000000
 0.3204	 0.000000	 0.000000	-0.014122	-0.079219	 0.000000
 0.3362	 0.000000	 0.000000	-0.015404	-0.082906	 0.000000
 0.3520	 0.000000	 0.000000	-0.016742	-0.086295	 0.000000
 0.3678	 0.000000	 0.000000	-0.018130	-0.089365	 0.000000
 0.3836	 0.000000	 0.000000	-0.019565	-0.092094	 0.000000
 0.3994	 0.000000	 0.000000	-0.021040	-0.094460	 0.000000
 0.4152	 0.000000	 0.000000	-0.022549	-0.096440	 0.000000
 0.4310	 0.000000	 0.000000	-0.024086	-0.098008	 0.000000
 0.4469	 0.000000	 0.000000	-0.025645	-0.099140	 0.000000
 0.4627	 0.000000	 0.000000	-0.027217	-0.099810	 0.000000
 0.4785	 0.000000	 0.000000	-0.028797	-0.099992	 0.000000
 0.4943	 0.000000	 0.000000	-0.030375	-0.099658	 0.000000
 0.5101	 0.000000	 0.000000	-0.031944	-0.098780	 0.000000
 0.5259	 0.000000	 0.000000	-0.033494	-0.097329	 0.000000
 0.5417	 0.000000	 0.000000	-0.035017	-0.095276	 0.000000
 0.5575	 0.000000	 0.000000	-0.036502	-0.092590	 0.000000
 0.5733	 0.000000	 0.000000	-0.037940	-0.089240	 0.000000
 0.5891	 0.000000	 0.000000	-0.039319	-0.085195	 0.000000
 0.6049	 0.000000	 0.000000	-0.040628	-0.080420	 0.000000
 0.6207	 0.000000	 0.000000	-0.041856	-0.074884	 0.000000
 0.6365	 0.000000	 0.000000	-0.042990	-0.068551	 0.000000
 0.6523	 0.000000	 0.000000	-0.044018	-0.061389	 0.000000
 0.6681	 0.000000	 0.000000	-0.044925	-0.053360	 0.000000
 0.6839	 0.000000	 0.000000	-0.045698	-0.044424	 0.000000
 0.6997	 0.000000	 0.000000	-0.046323	-0.034553	 0.000000
 0.7155	 0.000000	 0.000000	-0.046784	-0.023696	 0.000000
 0.7313	 0.000000	 0.000000	-0.047065	-0.011826	 0.000000
 0.7471	 0.000000	 0.000000	-0.047150	 0.001105	 0.000000
 0.7629	 0.000000	 0.000000	-0.047022	 0.015140	 0.000000
 0.7787	 0.000000	 0.000000	-0.046663	 0.030315	 0.000000
 0.7945	 0.000000	 0.000000	-0.046055	 0.046694	 0.000000
 0.8103	 0.000000	 0.000000	-0.045179	 0.064299	 0.000000
 0.8262	 0.000000	 0.000000	-0.044013	 0.083199	 0.000000
 0.8420	 0.000000	 0.000000	-0.042538	 0.103440	 0.000000
 0.8578	 0.000000	 0.000000	-0.040733	 0.125076	 0.000000
 0.8736	 0.000000	 0.000000	-0.038573	 0.148194	 0.000000
 0.8894	 0.000000	 0.000000	-0.036037	 0.172818	 0.000000
 0.9052	 0.000000	 0.000000	-0.033098	 0.199060	 0.000000
 0.9210	 0.000000	 0.000000	-0.029731	 0.226979	 0.000000
 0.9368	 0.000000	 0.000000	-0.025909	 0.256669	 0.000000
 0.9526	 0.000000	 0.000000	-0.021603	 0.288265	 0.000000
 0.9684	 0.000000	 0.000000	-0.016781	 0.321832	 0.000000
 0.9842	 0.000000	 0.000000	-0.011412	 0.357561	 0.000000
 1.0000	 0.000000	 0.000000	-0.005460	 0.395562	 0.000000


 -------- Mode No.   6  (freq = 0.314842E+01 Hz)

span_loc	s-s disp	s-s slope	f-a disp	f-a slope	twist

 0.0000	 0.000000	 0.000000	 0.000000	 0.000000	 0.000000
 0.0199	 0.000160	 0.015827	 0.000000	 0.000000	 0.000007
 0.0398	 0.000623	 0.030480	 0.000000	 0.000000	 0.000013
 0.0597	 0.001366	 0.043959	 0.000000	 0.000000	 0.000020
 0.0797	 0.002366	 0.056270	 0.000000	 0.000000	 0.000026
 0.0996	 0.003599	 0.067418	 0.000000	 0.000000	 0.000033
 0.1195	 0.005043	 0.077416	 0.000000	 0.000000	 0.000039
 0.1394	 0.006675	 0.086280	 0.000000	 0.000000	 0.000045
 0.1593	 0.008473	 0.094032	 0.000000	 0.000000	 0.000052
 0.1792	 0.010413	 0.100700	 0.000000	 0.000000	 0.000058
 0.1991	 0.012476	 0.106321	 0.000000	 0.000000	 0.000065
 0.2191	 0.014641	 0.110939	 0.000000	 0.000000	 0.000071
 0.2390	 0.016889	 0.114604	 0.000000	 0.000000	 0.000078
 0.2589	 0.019200	 0.117377	 0.000000	 0.000000	 0.000084
 0.2788	 0.021558	 0.119326	 0.000000	 0.000000	 0.000091
 0.2888	 0.022760	 0.120855	 0.000000	 0.000000	 0.000098
 0.3046	 0.024684	 0.122501	 0.000000	 0.000000	 0.000109
 0.3204	 0.026627	 0.123171	 0.000000	 0.000000	 0.000121
 0.3362	 0.028572	 0.122836	 0.000000	 0.000000	 0.000134
 0.3520	 0.030504	 0.121468	 0.000000	 0.000000	 0.000147
 0.3678	 0.032406	 0.119043	 0.000000	 0.000000	 0.000160
 0.3836	 0.034261	 0.115545	 0.000000	 0.000000	 0.000174
 0.3994	 0.036052	 0.110956	 0.000000	 0.000000	 0.000189
 0.4152	 0.037761	 0.105268	 0.000000	 0.000000	 0.000204
 0.4310	 0.039373	 0.098479	 0.000000	 0.000000	 0.000220
 0.4469	 0.040867	 0.090587	 0.000000	 0.000000	 0.000237
 0.4627	 0.042229	 0.081611	 0.000000	 0.000000	 0.000254
 0.4785	 0.043440	 0.071562	 0.000000	 0.000000	 0.000273
 0.4943	 0.044484	 0.060471	 0.000000	 0.000000	 0.000292
 0.5101	 0.045345	 0.048374	 0.000000	 0.000000	 0.000311
 0.5259	 0.046007	 0.035311	 0.000000	 0.000000	 0.000332
 0.5417	 0.046455	 0.021351	 0.000000	 0.000000	 0.000354
 0.5575	 0.046675	 0.006552	 0.000000	 0.000000	 0.000376
 0.5733	 0.046656	-0.008996	 0.000000	 0.000000	 0.000400
 0.5891	 0.046386	-0.025200	 0.000000	 0.000000	 0.000425
 0.6049	 0.045854	-0.041959	 0.000000	 0.000000	 0.000451
 0.6207	 0.045055	-0.059134	 0.000000	 0.000000	 0.000478
 0.6365	 0.043981	-0.076597	 0.000000	 0.000000	 0.000507
 0.6523	 0.042631	-0.094177	 0.000000	 0.000000	 0.000537
 0.6681	 0.041002	-0.111704	 0.000000	 0.000000	 0.000569
 0.6839	 0.039099	-0.128986	 0.000000	 0.000000	 0.000603
 0.6997	 0.036925	-0.145791	 0.000000	 0.000000	 0.000638
 0.7155	 0.034492	-0.161899	 0.000000	 0.000000	 0.000675
 0.7313	 0.031811	-0.177025	 0.000000	 0.000000	 0.000714
 0.7471	 0.028901	-0.190895	 0.000000	 0.000000	 0.000755
 0.7629	 0.025783	-0.203192	 0.000000	 0.000000	 0.000799
 0.7787	 0.022487	-0.213565	 0.000000	 0.000000	 0.000845
 0.7945	 0.019044	-0.221651	 0.000000	 0.000000	 0.000893
 0.8103	 0.015494	-0.227028	 0.000000	 0.000000	 0.000945
 0.8262	 0.011883	-0.229259	 0.000000	 0.000000	 0.001000
 0.8420	 0.008266	-0.227857	 0.000000	 0.000000	 0.001058
 0.8578	 0.004704	-0.222295	 0.000000	 0.000000	 0.001119
 0.8736	 0.001266	-0.211986	 0.000000	 0.000000	 0.001185
 0.8894	-0.001966	-0.196317	 0.000000	 0.000000	 0.001255
 0.9052	-0.004904	-0.174569	 0.000000	 0.000000	 0.001329
 0.9210	-0.007444	-0.145998	 0.000000	 0.000000	 0.001409
 0.9368	-0.009472	-0.109752	 0.000000	 0.000000	 0.001494
 0.9526	-0.010860	-0.064850	 0.000000	 0.000000	 0.001584
 0.9684	-0.011462	-0.010313	 0.000000	 0.000000	 0.001682
 0.9842	-0.011117	 0.055138	 0.000000	 0.000000	 0.001786
 1.0000	-0.009641	 0.132761	 0.000000	 0.000000	 0.001898
=================================================================================
